<?xml version="1.0" encoding="UTF-8" standalone="no" ?>
<SimscapeMultibodyImportXML version="2.0" xmlns="urn:mathworks:SimscapeMultibody:import" xmlns:xsi="http://www.w3.org/2001/XMLSchema-instance">
<Created by="rlndo" on="05/28/24||16:07:57" using="Simscape Multibody Link Version 7.4" from="Autodesk Inventor 2018 (Build 220112000, 112)"/>
<ModelUnits mass="lbmass" length="millimeter"/>
<DataUnits mass="kilogram" length="centimeter"/>
<RootAssembly name="Tilt+Robot.iam" uid="Tilt+Robot.iam_{88884B74-4558-F518-AB32-1696B09C3CFA}" version="{968011C6-8445-1196-5E3A-D7855223A9F0}">
<AssemblyFile name="Tilt+Robot.iam" type="Inventor Assembly"/>
<InstanceTree>
<Instance name="wheel v1:1" grounded="true" uid="wheel v1:1" entityUid="wheel v1.ipt_{679CE2D4-4A5E-C441-0C58-B08E168C3868}">
<Transform>
<Rotation>0 -1.2351231148954847e-15 -0.99999999999999933 -1.2358156874137772e-16 -0.99999999999999789 4.0245584642661732e-16 -0.99999999999999889 1.2246467991473488e-16 1.1102230246251549e-16</Rotation>
<Translation>13.282323856740005 0.65130570846542502 1.98025105567385</Translation>
</Transform>
</Instance>
<Instance name="wheel v1:2" uid="wheel v1:2" entityUid="wheel v1.ipt_{679CE2D4-4A5E-C441-0C58-B08E168C3868}">
<Transform>
<Rotation>0 8.5853866653077787e-16 0.99999999999999967 0.7469571424311936 0.66487218874835252 -6.1219997342951991e-16 -0.66487218874835208 0.74695714243119349 -6.7877399207407778e-16</Rotation>
<Translation>-4.1976761432602778 0.65130570846542946 1.9802510556738562</Translation>
</Transform>
</Instance>
<Instance name="rigid_body:1" uid="rigid_body:1" entityUid="rigid_body.iam_{1DA255D2-4C1B-4622-7A89-DB82A55AAD83}" rigid="true">
<Transform>
<Rotation>1 0 2.7635697995423623e-16 0 0.99980928163319494 0.01952947413821636 -2.7447946773725492e-16 -0.01952947413821636 0.99980928163319494</Rotation>
<Translation>4.5423238567392028 0.65130570846542735 1.9802510556738497</Translation>
</Transform>
<Instance name="Tilt Chassis:1" grounded="true" uid="Tilt Chassis:1" entityUid="Tilt Chassis.iam_{EF5080D4-4764-B39E-3504-FAB9B520788F}" rigid="true">
<Transform>
<Rotation>1 0 0 0 0.99999999999999989 0 0 0 0.99999999999999989</Rotation>
<Translation>0 1.1102230246251565e-16 0</Translation>
</Transform>
<Instance name="Stepper Motor v2:1" grounded="true" uid="Stepper Motor v2:1" entityUid="Stepper Motor v2.ipt_{4DD1FF9E-40DE-585F-2D5B-6CB72D9554BC}">
<Transform>
<Rotation>-5.1347814888913401e-16 1 0 -0.99999999999999989 -5.1347814888913401e-16 0 0 0 0.99999999999999989</Rotation>
<Translation>2.0000000000008002 8.1046280797636427e-15 -4.4408920985006262e-16</Translation>
</Transform>
</Instance>
<Instance name="Stepper Motor v2:2" uid="Stepper Motor v2:2" entityUid="Stepper Motor v2.ipt_{4DD1FF9E-40DE-585F-2D5B-6CB72D9554BC}">
<Transform>
<Rotation>-6.2202397941249798e-16 -1 -4.7184478546568798e-16 -0.99999999999999989 6.2202397941249808e-16 0 0 4.7184478546568788e-16 -0.99999999999999989</Rotation>
<Translation>-1.9999999999994795 1.1102230246251565e-16 4.4408920985006262e-15</Translation>
</Transform>
</Instance>
<Instance name="Spacer:1" uid="Spacer:1" entityUid="Spacer.ipt_{BFA5B6C8-4DF9-28CB-8FC5-21984738333F}">
<Transform>
<Rotation>1 0 0 0 0.99999999999999989 -2.2204460492503131e-16 0 2.2204460492503131e-16 0.99999999999999989</Rotation>
<Translation>2.4868995751603507e-14 3.7999999999999989 -4</Translation>
</Transform>
</Instance>
<Instance name="Spacer:2" uid="Spacer:2" entityUid="Spacer.ipt_{BFA5B6C8-4DF9-28CB-8FC5-21984738333F}">
<Transform>
<Rotation>1 0 0 0 0.99999999999999989 -2.2204460492503131e-16 0 2.2204460492503131e-16 0.99999999999999989</Rotation>
<Translation>3.4641016151377411 3.8000000000000007 2.0000000000000195</Translation>
</Transform>
</Instance>
<Instance name="Spacer:3" uid="Spacer:3" entityUid="Spacer.ipt_{BFA5B6C8-4DF9-28CB-8FC5-21984738333F}">
<Transform>
<Rotation>1 0 0 0 0.99999999999999989 -2.2204460492503131e-16 0 2.2204460492503131e-16 0.99999999999999989</Rotation>
<Translation>-3.4641016151377695 3.7999999999999998 1.9999999999999805</Translation>
</Transform>
</Instance>
<Instance name="Tilt Chassis" uid="Tilt Chassis" entityUid="Tilt Chassis.ipt_{20BF773B-4E1F-BB7B-1F5D-3791EC6936E3}">
<Transform>
<Rotation>1 0 0 0 0.99999999999999989 0 0 0 0.99999999999999989</Rotation>
<Translation>0 1.1102230246251565e-16 0</Translation>
</Transform>
</Instance>
</Instance>
<Instance name="Battery Module v16:1" uid="Battery Module v16:1" entityUid="Battery Module v16.iam_{EA432E64-4287-81A3-F82F-68B72ABED728}" rigid="true">
<Transform>
<Rotation>1 0 0 0 0.99999999999999989 0 0 0 0.99999999999999989</Rotation>
<Translation>0 1.1102230246251565e-16 0</Translation>
</Transform>
<Instance name="Battery Holder:1" grounded="true" uid="Battery Holder:1" entityUid="Battery Holder.ipt_{1E1A0695-4DE5-0B07-2336-14A8E1E2211E}">
<Transform>
<Rotation>-1 0 -1.6653345369377304e-16 0 0.99999999999999989 0 1.6653345369377294e-16 0 -0.99999999999999989</Rotation>
<Translation>2.3980817331903381e-14 7.3999999999999968 -2.2204460492503131e-16</Translation>
</Transform>
</Instance>
<Instance name="Battery Spring:1" uid="Battery Spring:1" entityUid="Battery Spring.ipt_{2D5F54A8-4BB0-0B53-94DF-448E0A8BCEE3}">
<Transform>
<Rotation>1.1102230246251605e-16 0 -1 0 0.99999999999999989 0 0.99999999999999989 0 1.11022302462516e-16</Rotation>
<Translation>1.1000000000000201 7.2499999999999991 -1.5999999999999999</Translation>
</Transform>
</Instance>
<Instance name="Battery Spring:3" uid="Battery Spring:3" entityUid="Battery Spring.ipt_{2D5F54A8-4BB0-0B53-94DF-448E0A8BCEE3}">
<Transform>
<Rotation>-1 0 -1.1102230246251605e-16 0 0.99999999999999989 0 1.11022302462516e-16 0 -0.99999999999999989</Rotation>
<Translation>1.1000000000000298 7.3999999999999986 1.6000000000000001</Translation>
</Transform>
</Instance>
<Instance name="Battery Spring:4" uid="Battery Spring:4" entityUid="Battery Spring.ipt_{2D5F54A8-4BB0-0B53-94DF-448E0A8BCEE3}">
<Transform>
<Rotation>-1 0 -1.1102230246251605e-16 0 0.99999999999999989 0 1.11022302462516e-16 0 -0.99999999999999989</Rotation>
<Translation>-1.0999999999999699 7.3999999999999986 1.6000000000000001</Translation>
</Transform>
</Instance>
<Instance name="Battery Spring:5" uid="Battery Spring:5" entityUid="Battery Spring.ipt_{2D5F54A8-4BB0-0B53-94DF-448E0A8BCEE3}">
<Transform>
<Rotation>-1 0 -1.1102230246251605e-16 0 0.99999999999999989 0 1.11022302462516e-16 0 -0.99999999999999989</Rotation>
<Translation>-1.0999999999999797 7.3999999999999986 -1.5999999999999996</Translation>
</Transform>
</Instance>
<Instance name="NiMH Battery v2:2" uid="NiMH Battery v2:2" entityUid="NiMH Battery v2.ipt_{FB10F661-4CD2-A405-7886-65B42254AA38}">
<Transform>
<Rotation>1 0 0 0 0.99999999999999989 0 0 0 0.99999999999999989</Rotation>
<Translation>2.5757174171303632e-14 8.0999999999999996 1.5999999999999996</Translation>
</Transform>
</Instance>
<Instance name="NiMH Battery v2:3" uid="NiMH Battery v2:3" entityUid="NiMH Battery v2.ipt_{FB10F661-4CD2-A405-7886-65B42254AA38}">
<Transform>
<Rotation>1 0 0 0 0.99999999999999989 0 0 0 0.99999999999999989</Rotation>
<Translation>-0.099999999999974776 8.0999999999999979 -1.6000000000000001</Translation>
</Transform>
</Instance>
<Instance name="Battery Strut:1" uid="Battery Strut:1" entityUid="Battery Strut.ipt_{3409DB74-4276-781E-CB12-B6955F938C36}">
<Transform>
<Rotation>-1.1102230246251605e-16 2.2204460492503101e-16 1 0 0.99999999999999989 -2.2204460492503099e-16 -0.99999999999999989 0 -1.11022302462516e-16</Rotation>
<Translation>2.4868995751603507e-14 7.3999999999999986 -4</Translation>
</Transform>
</Instance>
<Instance name="Battery Strut:2" uid="Battery Strut:2" entityUid="Battery Strut.ipt_{3409DB74-4276-781E-CB12-B6955F938C36}">
<Transform>
<Rotation>-1.1102230246251605e-16 2.2204460492503101e-16 1 0 0.99999999999999989 -2.2204460492503099e-16 -0.99999999999999989 0 -1.11022302462516e-16</Rotation>
<Translation>3.4641016151377801 7.3999999999999968 1.9999999999999996</Translation>
</Transform>
</Instance>
<Instance name="Battery Strut:3" uid="Battery Strut:3" entityUid="Battery Strut.ipt_{3409DB74-4276-781E-CB12-B6955F938C36}">
<Transform>
<Rotation>-1.1102230246251605e-16 2.2204460492503101e-16 1 0 0.99999999999999989 -2.2204460492503099e-16 -0.99999999999999989 0 -1.11022302462516e-16</Rotation>
<Translation>-3.4641016151377304 7.3999999999999968 1.9999999999999991</Translation>
</Transform>
</Instance>
<Instance name="Battery Holder Top:1" uid="Battery Holder Top:1" entityUid="Battery Holder Top.ipt_{FABF4E8F-4AEF-7CDC-E0EA-E9B3F35AFD97}">
<Transform>
<Rotation>0.86602540378443882 0 -0.49999999999999989 0 -0.99999999999999989 0 -0.49999999999999978 0 -0.86602540378443871</Rotation>
<Translation>2.5757174171303632e-14 23.909143953999997 -2.2204460492503131e-16</Translation>
</Transform>
</Instance>
<Instance name="93655A095_Male-Female Threaded Hex Standoff:1" uid="93655A095_Male-Female Threaded Hex Standoff:1" entityUid="93655A095_Male-Female Threaded Hex Standoff.ipt_{F09960B1-41FF-6B88-AC6D-E2B125D1C544}">
<Transform>
<Rotation>-1 -1.1102230246251605e-16 0 0 0 -0.99999999999999989 1.11022302462516e-16 -0.99999999999999989 0</Rotation>
<Translation>2.5980762113533409 7 1.4999999999999996</Translation>
</Transform>
</Instance>
<Instance name="93655A095_Male-Female Threaded Hex Standoff:2" uid="93655A095_Male-Female Threaded Hex Standoff:2" entityUid="93655A095_Male-Female Threaded Hex Standoff.ipt_{F09960B1-41FF-6B88-AC6D-E2B125D1C544}">
<Transform>
<Rotation>-1 -1.1102230246251605e-16 0 0 0 -0.99999999999999989 1.11022302462516e-16 -0.99999999999999989 0</Rotation>
<Translation>2.4868995751603507e-14 6.9999999999999982 -2.9999999999999996</Translation>
</Transform>
</Instance>
<Instance name="93655A095_Male-Female Threaded Hex Standoff:3" uid="93655A095_Male-Female Threaded Hex Standoff:3" entityUid="93655A095_Male-Female Threaded Hex Standoff.ipt_{F09960B1-41FF-6B88-AC6D-E2B125D1C544}">
<Transform>
<Rotation>-1 -1.1102230246251605e-16 0 0 0 -0.99999999999999989 1.11022302462516e-16 -0.99999999999999989 0</Rotation>
<Translation>-2.5980762113532903 6.9999999999999991 1.4999999999999996</Translation>
</Transform>
</Instance>
<Instance name="PCB1 v3:1" uid="PCB1 v3:1" entityUid="PCB1 v3.iam_{3FD5F6F7-4C45-21EE-AB69-FDBC7E2411B8}" rigid="true">
<Transform>
<Rotation>-1 1.1102230246251605e-16 0 0 0 0.99999999999999989 1.11022302462516e-16 0.99999999999999989 0</Rotation>
<Translation>9.9999999999999982 6.2000000000000002 -10</Translation>
</Transform>
<Instance name="Board:1" grounded="true" uid="Board:1" entityUid="Board.iam_{740D3437-4A21-FA4B-2558-78A3609B0728}" rigid="true">
<Transform>
<Rotation>1 0 0 0 0.99999999999999989 0 0 0 0.99999999999999989</Rotation>
<Translation>0 0 0</Translation>
</Transform>
<Instance name="Open CASCADE STEP translator 6.8 11.1.1:1" grounded="true" uid="Open CASCADE STEP translator 6.8 11.1.1:1" entityUid="Open CASCADE STEP translator 6.8 11.1.1.ipt_{C0125F1F-4415-53B9-1F67-D0B5CD72FDA6}">
<Transform>
<Rotation>1 0 0 0 0.99999999999999989 0 0 0 0.99999999999999989</Rotation>
<Translation>0 0 -0.15914395400000014</Translation>
</Transform>
</Instance>
</Instance>
<Instance name="J1:1" uid="J1:1" entityUid="J1.iam_{9ADD658C-4C81-15EC-676D-F8B7AC2D1CBD}" rigid="true">
<Transform>
<Rotation>1 0 0 0 0.99999999999999989 0 0 0 0.99999999999999989</Rotation>
<Translation>0 0 0</Translation>
</Transform>
<Instance name="CUI_DEVICES_TB010-508-04BE:1" grounded="true" uid="CUI_DEVICES_TB010-508-04BE:1" entityUid="CUI_DEVICES_TB010-508-04BE.iam_{54C8AB4E-426F-C578-23AC-2B9EBEE6959F}" rigid="true">
<Transform>
<Rotation>1 0 0 0 1.3113422028462884e-07 0.99999999999999145 0 -0.99999999999999145 1.3113422028462884e-07</Rotation>
<Translation>12.200000000000003 8.9860115051270029 -0.17541382312770093</Translation>
</Transform>
<Instance name="TB010-508-02P_Blue_-_S:1" grounded="true" uid="TB010-508-02P_Blue_-_S:1" entityUid="TB010-508-02P_Blue_-_S.ipt_{A825795C-4F10-65B7-8A10-13AAF1AD169C}">
<Transform>
<Rotation>1 0 0 0 0.99999999999999989 0 0 0 0.99999999999999989</Rotation>
<Translation>0 8.8817841970012523e-16 0</Translation>
</Transform>
</Instance>
<Instance name="TB010-508-02P_Blue_-_S:2" uid="TB010-508-02P_Blue_-_S:2" entityUid="TB010-508-02P_Blue_-_S.ipt_{A825795C-4F10-65B7-8A10-13AAF1AD169C}">
<Transform>
<Rotation>1 0 0 0 0.99999999999999989 0 0 0 0.99999999999999989</Rotation>
<Translation>0 0 -1.0159999999999998</Translation>
</Transform>
</Instance>
</Instance>
</Instance>
<Instance name="J14:1" uid="J14:1" entityUid="J14.iam_{0C1BE6D5-4A61-66F1-7D11-ECA1C3F47CC2}" rigid="true">
<Transform>
<Rotation>1 0 0 0 0.99999999999999989 0 0 0 0.99999999999999989</Rotation>
<Translation>0 0 0</Translation>
</Transform>
<Instance name="961104-5804-XX_RGB16777215:1" grounded="true" uid="961104-5804-XX_RGB16777215:1" entityUid="961104-5804-XX_RGB16777215.ipt_{4259ACB7-402C-35A2-ABC6-4BB888974786}">
<Transform>
<Rotation>0.86602539989847216 2.185574159870719e-08 0.500000006730691 -0.50000000673068967 1.2527798814651603e-07 0.86602539989846417 -4.3711367558527114e-08 -0.99999999999999178 1.1942179073062831e-07</Rotation>
<Translation>11.703348541259002 13.966294860839 -0.15914387702940136</Translation>
</Transform>
</Instance>
</Instance>
<Instance name="J13:1" uid="J13:1" entityUid="J13.iam_{23CD496B-418F-4C2B-D301-BBBF289861AA}" rigid="true">
<Transform>
<Rotation>1 0 0 0 0.99999999999999989 0 0 0 0.99999999999999989</Rotation>
<Translation>0 0 0</Translation>
</Transform>
<Instance name="961104-5804-XX_RGB16777215:2" grounded="true" uid="961104-5804-XX_RGB16777215:2" entityUid="961104-5804-XX_RGB16777215.ipt_{4259ACB7-402C-35A2-ABC6-4BB888974786}">
<Transform>
<Rotation>1.1924880638500949e-08 -4.3711409129964495e-08 -0.999999999999999 0.999999999999996 8.7422734461328755e-08 1.1924876817130002e-08 8.7422733940911712e-08 -0.99999999999999512 4.3711410172469995e-08</Rotation>
<Translation>5.7134136199951016 9.4919960021972987 -0.15914387702940047</Translation>
</Transform>
</Instance>
</Instance>
<Instance name="J8:1" uid="J8:1" entityUid="J8.iam_{6E9A5B98-45EB-3482-4080-6A9B05DA47A9}" rigid="true">
<Transform>
<Rotation>1 0 0 0 0.99999999999999989 0 0 0 0.99999999999999989</Rotation>
<Translation>0 0 0</Translation>
</Transform>
<Instance name="961104-5804-XX_RGB16777215:3" grounded="true" uid="961104-5804-XX_RGB16777215:3" entityUid="961104-5804-XX_RGB16777215.ipt_{4259ACB7-402C-35A2-ABC6-4BB888974786}">
<Transform>
<Rotation>-0.88294758194814893 2.0521226914619051e-08 0.46947158330607874 -0.4694715833060773 4.8827917820126743e-08 -0.88294758194814849 -4.1042487571724129e-08 -0.99999999999999856 -3.347835907802077e-08</Rotation>
<Translation>12.460971832275002 6.4536628723144993 -0.15914387702940136</Translation>
</Transform>
</Instance>
</Instance>
<Instance name="R3:1" uid="R3:1" entityUid="R3.iam_{61BD3130-4461-0CCB-C888-E7A6D53A2660}" rigid="true">
<Transform>
<Rotation>1 0 0 0 0.99999999999999989 0 0 0 0.99999999999999989</Rotation>
<Translation>0 0 0</Translation>
</Transform>
<Instance name="User_Library-OAR5R005FLF:1" grounded="true" uid="User_Library-OAR5R005FLF:1" entityUid="User_Library-OAR5R005FLF.ipt_{7EB75D36-4B10-65C9-D0AD-75AFC104F758}">
<Transform>
<Rotation>-0.99999999999999623 -3.8213657184465073e-15 -8.7422776573479616e-08 8.7422776573479352e-08 4.3711409127705769e-08 -0.99999999999999523 7.642738472527031e-15 -0.999999999999999 -4.3711409127705769e-08</Rotation>
<Translation>6.7999916076660014 8.7000122070312997 -0.15914387702940136</Translation>
</Transform>
</Instance>
</Instance>
<Instance name="R1:1" uid="R1:1" entityUid="R1.iam_{03686AA6-4319-4411-18B8-798D542AB93A}" rigid="true">
<Transform>
<Rotation>1 0 0 0 0.99999999999999989 0 0 0 0.99999999999999989</Rotation>
<Translation>0 0 0</Translation>
</Transform>
<Instance name="User_Library-OAR5R005FLF:2" grounded="true" uid="User_Library-OAR5R005FLF:2" entityUid="User_Library-OAR5R005FLF.ipt_{7EB75D36-4B10-65C9-D0AD-75AFC104F758}">
<Transform>
<Rotation>-4.3711388286739219e-08 4.3711409129959095e-08 0.99999999999999811 -0.99999999999999512 8.7422732029246442e-08 -4.3711392108109885e-08 -8.7422733940911712e-08 -0.99999999999999523 4.3711405308589899e-08</Rotation>
<Translation>13.499987792968001 9.7499916076660007 -0.15914387702940136</Translation>
</Transform>
</Instance>
</Instance>
<Instance name="J2:1" uid="J2:1" entityUid="J2.iam_{CD135C60-4D19-85DC-5C21-74BCC19801C7}" rigid="true">
<Transform>
<Rotation>1 0 0 0 0.99999999999999989 0 0 0 0.99999999999999989</Rotation>
<Translation>0 0 0</Translation>
</Transform>
<Instance name="SSW-106-02-X-S-RA:1" grounded="true" uid="SSW-106-02-X-S-RA:1" entityUid="SSW-106-02-X-S-RA.ipt_{13171AE9-41A9-FA58-4974-2BA6A8E07766}">
<Transform>
<Rotation>-4.1075287217869968e-08 -0.34202012782402225 -0.93969262642804541 1.0237299982035486e-07 -0.93969262642804252 0.34202012782401675 -0.99999999999999389 -8.2150578093603821e-08 7.3611771012060956e-08</Rotation>
<Translation>8.4262519836426009 6.0474964141846002 -0.27979381084439936</Translation>
</Transform>
</Instance>
</Instance>
<Instance name="C1:1" uid="C1:1" entityUid="C1.iam_{C503D799-467B-1B42-B674-299112CFC8D7}" rigid="true">
<Transform>
<Rotation>1 0 0 0 0.99999999999999989 0 0 0 0.99999999999999989</Rotation>
<Translation>0 0 0</Translation>
</Transform>
<Instance name="PNSC-ECA-1VM101:1" grounded="true" uid="PNSC-ECA-1VM101:1" entityUid="PNSC-ECA-1VM101.ipt_{BAB81C01-46C1-ECAD-494B-BF82F28B3330}">
<Transform>
<Rotation>1.1924880638500001e-08 1 0 0.999999999999996 -1.1924880638499956e-08 8.7422733944381159e-08 8.7422733940911712e-08 -1.0425057051074906e-15 -0.99999999999999611</Rotation>
<Translation>7.9500122070313015 11.900012207031001 -0.15914387702940047</Translation>
</Transform>
</Instance>
</Instance>
<Instance name="U1:1" uid="U1:1" entityUid="U1.iam_{94AFA6E3-44BC-4A2E-B951-429270E5D67D}" rigid="true">
<Transform>
<Rotation>1 0 0 0 0.99999999999999989 0 0 0 0.99999999999999989</Rotation>
<Translation>0 0 0</Translation>
</Transform>
<Instance name="CUI_P783F-Q24-S5-S:1" grounded="true" uid="CUI_P783F-Q24-S5-S:1" entityUid="CUI_P783F-Q24-S5-S.ipt_{F1284A7A-4C34-0DB8-E278-A8813942278B}">
<Transform>
<Rotation>-4.3711388286739219e-08 4.3711409129959095e-08 0.99999999999999811 -0.99999999999999512 8.7422732029246442e-08 -4.3711392108109885e-08 -8.7422733940911712e-08 -0.99999999999999523 4.3711405308589899e-08</Rotation>
<Translation>8.0452011108398018 10.592799377440999 -0.63445434570310066</Translation>
</Transform>
</Instance>
</Instance>
<Instance name="S1:1" uid="S1:1" entityUid="S1.iam_{2C04F0D6-4D6A-E08F-0344-5A8FCB99CD4D}" rigid="true">
<Transform>
<Rotation>1 0 0 0 0.99999999999999989 0 0 0 0.99999999999999989</Rotation>
<Translation>0 0 0</Translation>
</Transform>
<Instance name="l202021ma04_RGB3158064:1" grounded="true" uid="l202021ma04_RGB3158064:1" entityUid="l202021ma04_RGB3158064.ipt_{4F4F5258-4179-549B-0D1D-A69C4B7F3FDD}">
<Transform>
<Rotation>-0.48480955826585237 3.8230818227220031e-08 0.87461974149573574 -0.87461974149573307 6.6231039191205765e-08 -0.48480955826585387 -7.6461640470537606e-08 -0.999999999999997 1.3279875046845468e-09</Rotation>
<Translation>13.861482238769 7.8626419067383004 -0.15914387702940047</Translation>
</Transform>
</Instance>
</Instance>
<Instance name="R4:1" uid="R4:1" entityUid="R4.iam_{1180179D-45A7-4D07-CF7C-3CAD81D5C903}" rigid="true">
<Transform>
<Rotation>1 0 0 0 0.99999999999999989 0 0 0 0.99999999999999989</Rotation>
<Translation>0 0 0</Translation>
</Transform>
<Instance name="User_Library-Res40-Axial_Short_0_25W-5_6K:1" grounded="true" uid="User_Library-Res40-Axial_Short_0_25W-5_6K:1" entityUid="User_Library-Res40-Axial_Short_0_25W-5_6K.ipt_{8E435D24-4A5C-1835-E81C-FB9170C89FFD}">
<Transform>
<Rotation>-0.86602541280316936 0.49999998437909998 -8.2870638358882869e-16 0.49999998437909804 0.86602541280316592 8.7422730606773191e-08 4.3711364659804186e-08 7.5710305955101198e-08 -0.99999999999999623</Rotation>
<Translation>11.899999237060001 12.550016021728002 -0.15914387702940047</Translation>
</Transform>
</Instance>
</Instance>
<Instance name="R2:1" uid="R2:1" entityUid="R2.iam_{C17C7011-4EA6-E66C-11F6-1A86CFBEE2D8}" rigid="true">
<Transform>
<Rotation>1 0 0 0 0.99999999999999989 0 0 0 0.99999999999999989</Rotation>
<Translation>0 0 0</Translation>
</Transform>
<Instance name="User_Library-Res40-Axial_Short_0_25W-5_6K:2" grounded="true" uid="User_Library-Res40-Axial_Short_0_25W-5_6K:2" entityUid="User_Library-Res40-Axial_Short_0_25W-5_6K.ipt_{8E435D24-4A5C-1835-E81C-FB9170C89FFD}">
<Transform>
<Rotation>-0.88294758194814815 -0.46947158330608091 2.1083502185539363e-15 -0.46947158330607902 0.88294758194814471 8.742272624914782e-08 -4.1042487571724129e-08 7.7189683759387728e-08 -0.99999999999999634</Rotation>
<Translation>12.049987792968 7.1500076293945005 -0.15914387702940047</Translation>
</Transform>
</Instance>
</Instance>
<Instance name="J5:1" uid="J5:1" entityUid="J5.iam_{5C83DEA1-4E5B-8ED0-DDA9-FF838889B8F5}" rigid="true">
<Transform>
<Rotation>1 0 0 0 0.99999999999999989 0 0 0 0.99999999999999989</Rotation>
<Translation>0 0 0</Translation>
</Transform>
<Instance name="USB_Connector_Type_A_TH_female:1" grounded="true" uid="USB_Connector_Type_A_TH_female:1" entityUid="USB_Connector_Type_A_TH_female.ipt_{1CA83AEF-4DC0-6B6D-32B9-04BD00921494}">
<Transform>
<Rotation>0.79863553996712466 -2.6306221471339466e-08 -0.60181498344708806 0.60181498344708639 1.2233226598726277e-07 0.79863553996711689 5.2612307238283917e-08 -0.99999999999999212 1.1353037354146223e-07</Rotation>
<Translation>7.0313171386719029 13.952870178222 -0.71914348602290001</Translation>
</Transform>
</Instance>
</Instance>
<Instance name="D3:1" uid="D3:1" entityUid="D3.iam_{600C8BB6-4234-BF79-F1AA-63A097BA0F94}" rigid="true">
<Transform>
<Rotation>1 0 0 0 0.99999999999999989 0 0 0 0.99999999999999989</Rotation>
<Translation>0 0 0</Translation>
</Transform>
<Instance name="WP7113GD (1):1" grounded="true" uid="WP7113GD (1):1" entityUid="WP7113GD (1).iam_{0E66100B-4DE0-DA28-1672-1B9D7B44DEF2}" rigid="true">
<Transform>
<Rotation>0.3583679850228666 4.0808143577175046e-08 0.93358041287863847 -0.93358041287863558 1.0308751382734349e-07 0.35836798502286099 -8.1616151535041093e-08 -0.99999999999999378 7.5040948142000852e-08</Rotation>
<Translation>14.3902053833 11.685011291502999 -0.85002355575559996</Translation>
</Transform>
<Instance name="WP7113GD:1" grounded="true" uid="WP7113GD:1" entityUid="WP7113GD.ipt_{D3BAF5E8-44E4-50FB-D9F1-19BC429FA3BF}">
<Transform>
<Rotation>1 0 0 0 0.99999999999999989 0 0 0 1</Rotation>
<Translation>0 0 0</Translation>
</Transform>
</Instance>
</Instance>
</Instance>
<Instance name="D2:1" uid="D2:1" entityUid="D2.iam_{09D70841-4950-12E9-FFD4-5985D61D113F}" rigid="true">
<Transform>
<Rotation>1 0 0 0 0.99999999999999989 0 0 0 0.99999999999999989</Rotation>
<Translation>0 0 0</Translation>
</Transform>
<Instance name="WP7113GD (1):2" grounded="true" uid="WP7113GD (1):2" entityUid="WP7113GD (1).iam_{0E66100B-4DE0-DA28-1672-1B9D7B44DEF2}" rigid="true">
<Transform>
<Rotation>0.73135380985392084 -2.9811149389771732e-08 -0.68199824399491971 0.68199824399491782 1.1939128901489182e-07 0.73135380985391363 5.962215177297836e-08 -0.99999999999999234 1.0764842561794552e-07</Rotation>
<Translation>13.203553771972002 6.5642929077147993 -0.85002355575560173</Translation>
</Transform>
<Instance name="WP7113GD:1" grounded="true" uid="WP7113GD:1" entityUid="WP7113GD.ipt_{D3BAF5E8-44E4-50FB-D9F1-19BC429FA3BF}">
<Transform>
<Rotation>1 0 0 0 1 0 0 0 1</Rotation>
<Translation>0 8.8817841970012523e-16 0</Translation>
</Transform>
</Instance>
</Instance>
</Instance>
<Instance name="S3:1" uid="S3:1" entityUid="S3.iam_{86450D7B-47C1-737D-73CB-C9BD9D76A726}" rigid="true">
<Transform>
<Rotation>1 0 0 0 0.99999999999999989 0 0 0 0.99999999999999989</Rotation>
<Translation>0 0 0</Translation>
</Transform>
<Instance name="-1814025624:1" grounded="true" uid="-1814025624:1" entityUid="-1814025624.iam_{652DA6A3-4AC9-F2E1-3DEE-B5BE48F86E42}" rigid="true">
<Transform>
<Rotation>1 0 0 0 0.99999999999999989 0 0 0 0.99999999999999989</Rotation>
<Translation>9.7520057678223004 13.574990844726001 -0.88914365768430059</Translation>
</Transform>
<Instance name="Extruded:1" grounded="true" uid="Extruded:1" entityUid="Extruded.ipt_{99F170DC-454B-1BA3-C1C7-BFAA21242A42}">
<Transform>
<Rotation>1 0 0 0 0.99999999999999989 0 0 0 0.99999999999999989</Rotation>
<Translation>0 0 -8.8817841970012523e-16</Translation>
</Transform>
</Instance>
</Instance>
<Instance name="-1814025624:2" uid="-1814025624:2" entityUid="-1814025624.iam_{652DA6A3-4AC9-F2E1-3DEE-B5BE48F86E42}" rigid="true">
<Transform>
<Rotation>1 0 0 0 0.99999999999999989 0 0 0 0.99999999999999989</Rotation>
<Translation>9.5020095825195021 13.574990844726001 -0.88914365768430059</Translation>
</Transform>
<Instance name="Extruded:1" grounded="true" uid="Extruded:1" entityUid="Extruded.ipt_{99F170DC-454B-1BA3-C1C7-BFAA21242A42}">
<Transform>
<Rotation>1 0 0 0 0.99999999999999989 0 0 0 0.99999999999999989</Rotation>
<Translation>0 0 -8.8817841970012523e-16</Translation>
</Transform>
</Instance>
</Instance>
<Instance name="-1814025624:3" uid="-1814025624:3" entityUid="-1814025624.iam_{652DA6A3-4AC9-F2E1-3DEE-B5BE48F86E42}" rigid="true">
<Transform>
<Rotation>1 0 0 0 0.99999999999999989 0 0 0 0.99999999999999989</Rotation>
<Translation>9.2519996643066023 13.575000000000001 -0.88914365768430059</Translation>
</Transform>
<Instance name="Extruded:1" grounded="true" uid="Extruded:1" entityUid="Extruded.ipt_{99F170DC-454B-1BA3-C1C7-BFAA21242A42}">
<Transform>
<Rotation>1 0 0 0 0.99999999999999989 0 0 0 0.99999999999999989</Rotation>
<Translation>0 0 -8.8817841970012523e-16</Translation>
</Transform>
</Instance>
</Instance>
<Instance name="-1814017624:1" uid="-1814017624:1" entityUid="-1814017624.iam_{040B053C-4E84-DBE2-4FDD-DFB20B7BBE20}" rigid="true">
<Transform>
<Rotation>1 0 0 0 0.99999999999999989 0 0 0 0.99999999999999989</Rotation>
<Translation>9.7520118713379027 13.399990844725998 -0.7591436386107997</Translation>
</Transform>
<Instance name="Extruded (1):1" grounded="true" uid="Extruded (1):1" entityUid="Extruded (1).ipt_{C2BBFF70-48D9-4062-07AA-C6B67F5565B4}">
<Transform>
<Rotation>1 0 0 0 0.99999999999999989 0 0 0 0.99999999999999989</Rotation>
<Translation>0 0 8.8817841970012523e-16</Translation>
</Transform>
</Instance>
</Instance>
<Instance name="-1814017624:2" uid="-1814017624:2" entityUid="-1814017624.iam_{040B053C-4E84-DBE2-4FDD-DFB20B7BBE20}" rigid="true">
<Transform>
<Rotation>1 0 0 0 0.99999999999999989 0 0 0 0.99999999999999989</Rotation>
<Translation>9.5020088195801016 13.399990844725998 -0.7591436386107997</Translation>
</Transform>
<Instance name="Extruded (1):1" grounded="true" uid="Extruded (1):1" entityUid="Extruded (1).ipt_{C2BBFF70-48D9-4062-07AA-C6B67F5565B4}">
<Transform>
<Rotation>1 0 0 0 0.99999999999999989 0 0 0 0.99999999999999989</Rotation>
<Translation>0 0 8.8817841970012523e-16</Translation>
</Transform>
</Instance>
</Instance>
<Instance name="-1814017624:3" uid="-1814017624:3" entityUid="-1814017624.iam_{040B053C-4E84-DBE2-4FDD-DFB20B7BBE20}" rigid="true">
<Transform>
<Rotation>1 0 0 0 0.99999999999999989 0 0 0 0.99999999999999989</Rotation>
<Translation>9.2520095825195021 13.399990844725998 -0.7591436386107997</Translation>
</Transform>
<Instance name="Extruded (1):1" grounded="true" uid="Extruded (1):1" entityUid="Extruded (1).ipt_{C2BBFF70-48D9-4062-07AA-C6B67F5565B4}">
<Transform>
<Rotation>1 0 0 0 0.99999999999999989 0 0 0 0.99999999999999989</Rotation>
<Translation>0 0 8.8817841970012523e-16</Translation>
</Transform>
</Instance>
</Instance>
<Instance name="-1814017024:1" uid="-1814017024:1" entityUid="-1814017024.iam_{B212B6E5-457A-7102-92B3-A98D71AB2B2B}" rigid="true">
<Transform>
<Rotation>1 0 0 0 0.99999999999999989 0 0 0 0.99999999999999989</Rotation>
<Translation>9.4997993469238011 13.399999999999999 -0.65914368629460007</Translation>
</Transform>
<Instance name="Extruded (2):1" grounded="true" uid="Extruded (2):1" entityUid="Extruded (2).ipt_{A4400586-42D3-F975-2C97-D0AD5F738E7E}">
<Transform>
<Rotation>1 0 0 0 0.99999999999999989 0 0 0 0.99999999999999989</Rotation>
<Translation>0 0 0</Translation>
</Transform>
</Instance>
</Instance>
</Instance>
<Instance name="J4:1" uid="J4:1" entityUid="J4.iam_{16A595F1-4B7E-641B-2459-2A90FBCE00BC}" rigid="true">
<Transform>
<Rotation>1 0 0 0 0.99999999999999989 0 0 0 0.99999999999999989</Rotation>
<Translation>0 0 0</Translation>
</Transform>
<Instance name="USB_Connector_Type_A_TH_female:2" grounded="true" uid="USB_Connector_Type_A_TH_female:2" entityUid="USB_Connector_Type_A_TH_female.ipt_{1CA83AEF-4DC0-6B6D-32B9-04BD00921494}">
<Transform>
<Rotation>-0.6560590172097075 -3.298938100962883e-08 -0.75470959046366426 0.75470959046366215 5.8745509890628655e-08 -0.65605901720970827 6.5978780591779973e-08 -0.99999999999999767 -1.3643119250658642e-08</Rotation>
<Translation>6.2638450622558999 6.7628105163574004 -0.7191434860229009</Translation>
</Transform>
</Instance>
</Instance>
<Instance name="S2:1" uid="S2:1" entityUid="S2.iam_{C0569D7A-4F6F-F6B9-1250-E0B3CC0E1EAB}" rigid="true">
<Transform>
<Rotation>1 0 0 0 0.99999999999999989 0 0 0 0.99999999999999989</Rotation>
<Translation>0 0 0</Translation>
</Transform>
<Instance name="l202021ma04_RGB3158064:2" grounded="true" uid="l202021ma04_RGB3158064:2" entityUid="l202021ma04_RGB3158064.ipt_{4F4F5258-4179-549B-0D1D-A69C4B7F3FDD}">
<Transform>
<Rotation>0.052335975053580883 4.3651507613111489e-08 0.99862953376874919 -0.99862953376874619 8.9710413573446113e-08 0.05233597505357681 -8.7302924264842652e-08 -0.999999999999995 4.8286766662821584e-08</Rotation>
<Translation>14.406350708007002 10.233639526367 -0.15914387702940047</Translation>
</Transform>
</Instance>
</Instance>
<Instance name="J10:1" uid="J10:1" entityUid="J10.iam_{A83981E9-4475-EC26-4908-FCB6B0BDF3E2}" rigid="true">
<Transform>
<Rotation>1 0 0 0 0.99999999999999989 0 0 0 0.99999999999999989</Rotation>
<Translation>0 0 0</Translation>
</Transform>
<Instance name="Samtec-SSW-108-01-G-S:1" grounded="true" uid="Samtec-SSW-108-01-G-S:1" entityUid="Samtec-SSW-108-01-G-S.ipt_{BBBD9B59-4827-35B8-2017-BBAF460E5B65}">
<Transform>
<Rotation>-0.99999999999999623 -3.8213657184465073e-15 -8.7422776573479616e-08 8.7422776573479352e-08 4.3711409127705769e-08 -0.99999999999999523 7.642738472527031e-15 -0.999999999999999 -4.3711409127705769e-08</Rotation>
<Translation>7.4699943542480023 9.9989929199219034 -0.15914387702940047</Translation>
</Transform>
</Instance>
</Instance>
<Instance name="J9:1" uid="J9:1" entityUid="J9.iam_{33324B0B-4471-9BE1-8F06-ECAAEB9D19FE}" rigid="true">
<Transform>
<Rotation>1 0 0 0 0.99999999999999989 0 0 0 0.99999999999999989</Rotation>
<Translation>0 0 0</Translation>
</Transform>
<Instance name="Samtec-SSW-108-01-G-S:2" grounded="true" uid="Samtec-SSW-108-01-G-S:2" entityUid="Samtec-SSW-108-01-G-S.ipt_{BBBD9B59-4827-35B8-2017-BBAF460E5B65}">
<Transform>
<Rotation>1 0 0 0 1.3113422028462884e-07 0.99999999999999145 0 -0.99999999999999145 1.3113422028462884e-07</Rotation>
<Translation>6.2000061035156016 10.001007080077999 -0.15914387702940047</Translation>
</Transform>
</Instance>
</Instance>
<Instance name="J12:1" uid="J12:1" entityUid="J12.iam_{B5D61286-48CE-3B6F-4717-61B526981E75}" rigid="true">
<Transform>
<Rotation>1 0 0 0 0.99999999999999989 0 0 0 0.99999999999999989</Rotation>
<Translation>0 0 0</Translation>
</Transform>
<Instance name="Samtec-SSW-108-01-G-S:3" grounded="true" uid="Samtec-SSW-108-01-G-S:3" entityUid="Samtec-SSW-108-01-G-S.ipt_{BBBD9B59-4827-35B8-2017-BBAF460E5B65}">
<Transform>
<Rotation>0.49999991386596992 -3.7855232538296742e-08 -0.86602545351393767 0.86602545351393501 1.0927844779767826e-07 0.49999991386596365 7.5710304303644449e-08 -0.99999999999999323 8.7422809411791258e-08</Rotation>
<Translation>11.264131927490002 12.191551208496001 -0.15914387702940047</Translation>
</Transform>
</Instance>
</Instance>
<Instance name="J11:1" uid="J11:1" entityUid="J11.iam_{A58139BF-4848-0E4E-71EE-B096B65064F3}" rigid="true">
<Transform>
<Rotation>1 0 0 0 0.99999999999999989 0 0 0 0.99999999999999989</Rotation>
<Translation>0 0 0</Translation>
</Transform>
<Instance name="Samtec-SSW-108-01-G-S:4" grounded="true" uid="Samtec-SSW-108-01-G-S:4" entityUid="Samtec-SSW-108-01-G-S.ipt_{BBBD9B59-4827-35B8-2017-BBAF460E5B65}">
<Transform>
<Rotation>-0.50000005143399961 3.7855153217264655e-08 0.86602537408900226 -0.86602537408899971 6.5567044234965399e-08 -0.50000005143400095 -7.5710302568920973e-08 -0.999999999999997 -2.2655488596257101e-15</Rotation>
<Translation>11.900868988037001 13.290388488769 -0.15914387702940047</Translation>
</Transform>
</Instance>
</Instance>
<Instance name="J7:1" uid="J7:1" entityUid="J7.iam_{28C73C0B-4A7B-8438-0D3A-55A521B9C0D2}" rigid="true">
<Transform>
<Rotation>1 0 0 0 0.99999999999999989 0 0 0 0.99999999999999989</Rotation>
<Translation>0 0 0</Translation>
</Transform>
<Instance name="Samtec-SSW-108-01-G-S:5" grounded="true" uid="Samtec-SSW-108-01-G-S:5" entityUid="Samtec-SSW-108-01-G-S.ipt_{BBBD9B59-4827-35B8-2017-BBAF460E5B65}">
<Transform>
<Rotation>0.46947160654019215 3.8594919836245963e-08 0.88294756959434995 -0.88294756959434728 1.0794401047661828e-07 0.4694716065401861 -7.7189682683859173e-08 -0.99999999999999323 8.475393868147274e-08</Rotation>
<Translation>11.188655090332002 7.7666107177734007 -0.15914387702940136</Translation>
</Transform>
</Instance>
</Instance>
<Instance name="J6:1" uid="J6:1" entityUid="J6.iam_{100F5E8A-4A9B-A961-7050-67B8EBCC6260}" rigid="true">
<Transform>
<Rotation>1 0 0 0 0.99999999999999989 0 0 0 0.99999999999999989</Rotation>
<Translation>0 0 0</Translation>
</Transform>
<Instance name="Samtec-SSW-108-01-G-S:6" grounded="true" uid="Samtec-SSW-108-01-G-S:6" entityUid="Samtec-SSW-108-01-G-S.ipt_{BBBD9B59-4827-35B8-2017-BBAF460E5B65}">
<Transform>
<Rotation>-0.46947162977388041 -3.8594842086989091e-08 -0.88294755724077711 0.88294755724077423 6.6901479821301901e-08 -0.46947162977388196 7.7189681604861171e-08 -0.99999999999999689 2.6688747756936637e-09</Rotation>
<Translation>11.783100128173002 6.6443313598633003 -0.15914387702940047</Translation>
</Transform>
</Instance>
</Instance>
<Instance name="J3:1" uid="J3:1" entityUid="J3.iam_{FD54F31D-41AF-415F-4946-21AF47FC569C}" rigid="true">
<Transform>
<Rotation>1 0 0 0 0.99999999999999989 0 0 0 0.99999999999999989</Rotation>
<Translation>0 0 0</Translation>
</Transform>
<Instance name="Samtec-SSW-108-01-G-S:7" grounded="true" uid="Samtec-SSW-108-01-G-S:7" entityUid="Samtec-SSW-108-01-G-S.ipt_{BBBD9B59-4827-35B8-2017-BBAF460E5B65}">
<Transform>
<Rotation>1.1924880638500949e-08 -4.3711409129964495e-08 -0.999999999999999 0.999999999999996 8.7422734461328755e-08 1.1924876817130002e-08 8.7422733940911712e-08 -0.99999999999999512 4.3711410172469995e-08</Rotation>
<Translation>10.125993347168002 14.100006103515 -0.15914387702940136</Translation>
</Transform>
</Instance>
</Instance>
<Instance name="F1:1" uid="F1:1" entityUid="F1.iam_{4D7B9313-4170-E93A-9616-A5AA5C8E2EE2}" rigid="true">
<Transform>
<Rotation>1 0 0 0 0.99999999999999989 0 0 0 0.99999999999999989</Rotation>
<Translation>0 0 0</Translation>
</Transform>
<Instance name="CFH02_RGB52479:1" grounded="true" uid="CFH02_RGB52479:1" entityUid="CFH02_RGB52479.ipt_{C1512619-4CA3-D05D-0F33-4184425736DB}">
<Transform>
<Rotation>-4.3711388286739219e-08 4.3711409129959095e-08 0.99999999999999811 -0.99999999999999512 8.7422732029246442e-08 -4.3711392108109885e-08 -8.7422733940911712e-08 -0.99999999999999523 4.3711405308589899e-08</Rotation>
<Translation>12.849992370605003 9.8999916076660011 -0.15914387702940047</Translation>
</Transform>
</Instance>
</Instance>
<Instance name="D1:1" uid="D1:1" entityUid="D1.iam_{42CAFFEA-4B7B-4205-DCB5-A8ACF40B6F67}" rigid="true">
<Transform>
<Rotation>1 0 0 0 0.99999999999999989 0 0 0 0.99999999999999989</Rotation>
<Translation>0 0 0</Translation>
</Transform>
<Instance name="User_Library-DO-41-30:1" grounded="true" uid="User_Library-DO-41-30:1" entityUid="User_Library-DO-41-30.ipt_{38974EDE-4334-0D45-0A1E-30B626179B66}">
<Transform>
<Rotation>-0.48480955826585226 -0.87461974149573674 -4.7375759629533957e-15 -0.87461974149573318 0.48480955826585043 8.7422726859770483e-08 -7.6461640474007053e-08 4.2383377736252004e-08 -0.99999999999999623</Rotation>
<Translation>12.804008483886001 8.0455291748047006 -0.15914387702940047</Translation>
</Transform>
</Instance>
</Instance>
<Instance name="C4:1" uid="C4:1" entityUid="C4.iam_{AAF8E958-48AB-4A69-05D8-2E89F4AF8BDA}" rigid="true">
<Transform>
<Rotation>1 0 0 0 0.99999999999999989 0 0 0 0.99999999999999989</Rotation>
<Translation>0 0 0</Translation>
</Transform>
<Instance name="PNSC-ECA-1VM101:2" grounded="true" uid="PNSC-ECA-1VM101:2" entityUid="PNSC-ECA-1VM101.ipt_{BAB81C01-46C1-ECAD-494B-BF82F28B3330}">
<Transform>
<Rotation>-0.99999999999999623 8.7422776573480027e-08 0 8.7422776573479696e-08 0.99999999999999234 8.7422733940911712e-08 7.6427384727338262e-15 8.7422733944381159e-08 -0.99999999999999623</Rotation>
<Translation>5.6999870300293001 10.950012207031 -0.15914387702940047</Translation>
</Transform>
</Instance>
</Instance>
<Instance name="C5:1" uid="C5:1" entityUid="C5.iam_{090158FA-4BBD-350B-E328-94B99C4E9312}" rigid="true">
<Transform>
<Rotation>1 0 0 0 0.99999999999999989 0 0 0 0.99999999999999989</Rotation>
<Translation>0 0 0</Translation>
</Transform>
<Instance name="PNSC-ECA-1VM101:3" grounded="true" uid="PNSC-ECA-1VM101:3" entityUid="PNSC-ECA-1VM101.ipt_{BAB81C01-46C1-ECAD-494B-BF82F28B3330}">
<Transform>
<Rotation>0.49999991386596415 0.86602545351394189 -4.8700520085481969e-15 0.86602545351393834 -0.49999991386596226 8.7422726925689975e-08 7.5710304303644449e-08 -4.3711360151257872e-08 -0.99999999999999634</Rotation>
<Translation>12.987515258789003 13.241751098632001 -0.15914387702940047</Translation>
</Transform>
</Instance>
</Instance>
<Instance name="C3:1" uid="C3:1" entityUid="C3.iam_{612B430C-4E97-5B54-272B-1C91D5889824}" rigid="true">
<Transform>
<Rotation>1 0 0 0 0.99999999999999989 0 0 0 0.99999999999999989</Rotation>
<Translation>0 0 0</Translation>
</Transform>
<Instance name="PNSC-ECA-1VM101:4" grounded="true" uid="PNSC-ECA-1VM101:4" entityUid="PNSC-ECA-1VM101.ipt_{BAB81C01-46C1-ECAD-494B-BF82F28B3330}">
<Transform>
<Rotation>0.49999995856927393 -0.86602542770447832 3.4341064676105639e-15 -0.86602542770447488 -0.49999995856927193 8.7422726096492154e-08 -7.5710302041565036e-08 -4.371136240119422e-08 -0.99999999999999634</Rotation>
<Translation>11.249996185302003 5.7499835968018003 -0.15914387702940047</Translation>
</Transform>
</Instance>
</Instance>
<Instance name="C2:1" uid="C2:1" entityUid="C2.iam_{9F1EB47F-4DC2-EB42-9FBA-EEB1DE52F8AD}" rigid="true">
<Transform>
<Rotation>1 0 0 0 0.99999999999999989 0 0 0 0.99999999999999989</Rotation>
<Translation>0 0 0</Translation>
</Transform>
<Instance name="PNSC-ECA-1VM101:5" grounded="true" uid="PNSC-ECA-1VM101:5" entityUid="PNSC-ECA-1VM101.ipt_{BAB81C01-46C1-ECAD-494B-BF82F28B3330}">
<Transform>
<Rotation>-4.3711388286739808e-08 -0.99999999999999911 0 -0.99999999999999512 4.3711388286739636e-08 8.7422733944381159e-08 -8.7422733940911712e-08 3.8213692363669131e-15 -0.99999999999999611</Rotation>
<Translation>7.949987792968801 8.099988555908201 -0.15914387702939958</Translation>
</Transform>
</Instance>
</Instance>
</Instance>
<Instance name="91292A111_18-8 Stainless Steel Socket Head Screw:1" uid="91292A111_18-8 Stainless Steel Socket Head Screw:1" entityUid="91292A111_18-8 Stainless Steel Socket Head Screw.ipt_{DA74DF8B-4019-981E-99E6-E5AC4CCBA6C8}">
<Transform>
<Rotation>-1 1.1102230246251605e-16 0 0 0 0.99999999999999989 1.11022302462516e-16 0.99999999999999989 0</Rotation>
<Translation>2.3980817331903381e-14 6.6408560459999988 -3</Translation>
</Transform>
</Instance>
